     0.0      0.0      0.0      0.0      0.0      0.0      0.0      0.0
     0.0     33.6     56.8     68.4     68.4     56.8     33.6      0.0
     0.0     56.8     96.0    115.6    115.6     96.0     56.8      0.0
     0.0     68.4    115.6    139.2    139.2    115.6     68.4      0.0
     0.0     68.4    115.6    139.2    139.2    115.6     68.4      0.0
     0.0     56.8     96.0    115.6    115.6     96.0     56.8      0.0
     0.0     33.6     56.8     68.4     68.4     56.8     33.6      0.0
     0.0      0.0      0.0      0.0      0.0      0.0      0.0      0.0
