     0.0      0.0      0.0      0.0      0.0      0.0      0.0      0.0
     0.0     31.5     53.9     65.1     65.1     53.9     31.5      0.0
     0.0     53.9     92.1    111.3    111.3     92.1     53.9      0.0
     0.0     65.1    111.3    134.5    134.5    111.3     65.1      0.0
     0.0     65.1    111.3    134.5    134.5    111.3     65.1      0.0
     0.0     53.9     92.1    111.3    111.3     92.1     53.9      0.0
     0.0     31.5     53.9     65.1     65.1     53.9     31.5      0.0
     0.0      0.0      0.0      0.0      0.0      0.0      0.0      0.0
